{
    "name": "meter 1",
    "data": [
        {
            "time": "2024-03-27 09:30:00+00:00",
            "current_b": 154.30916666666664,
            "current_c": 163.4775,
            "hz_t": 49.99583333333334,
            "kw_a": 59.92333333333334,
            "kw_b": 35.33166666666667,
            "kw_c": 37.181666666666665,
            "kwh_t": 76073.96,
            "pf_a": 0.9958333333333332,
            "pf_b": 0.9966666666666666,
            "pf_c": 0.9975,
            "voltage_a": 227.56500000000003,
            "voltage_b": 230.48083333333335,
            "voltage_c": 229.38166666666663
        }
    ]
}